[#]	rt(s)	Dt(s)	Det1	Det2	Det3	Det4	Det5	Det6	REAR	RearL	FrontL	FRONT	FrontR	RearR	Det1_cps	Det2_cps	Det3_cps	Det4_cps	Det5_cps	Det6_cps	REAR_cps	RearL_cps	FrontL_cps	FRONT_cps	FrontR_cps	RearR_cps
0	4175.33	4175.33	0000000004	0000000003	0000000006	0000000008	0000000008	0000000006	0000000006	0000000007	0000000006	0000000005	0000000007	0000000005	9.5801E-04	7.1851E-04	1.4370E-03	1.9160E-03	1.9160E-03	1.4370E-03	1.4370E-03	1.6765E-03	1.4370E-03	1.1975E-03	1.6765E-03	1.1975E-03	
1	8351.37	4176.04	0000000003	0000000005	0000000006	0000000010	0000000009	0000000016	0000000011	0000000007	0000000011	0000000002	0000000011	0000000005	7.1838E-04	1.1973E-03	1.4368E-03	2.3946E-03	2.1552E-03	3.8314E-03	2.6341E-03	1.6762E-03	2.6341E-03	4.7892E-04	2.6341E-03	1.1973E-03	
2	12528.02	4176.65	0000000003	0000000006	0000000004	0000000003	0000000009	0000000009	0000000006	0000000004	0000000007	0000000005	0000000008	0000000003	7.1828E-04	1.4366E-03	9.5771E-04	7.1828E-04	2.1548E-03	2.1548E-03	1.4366E-03	9.5771E-04	1.6760E-03	1.1971E-03	1.9154E-03	7.1828E-04	
3	16705.46	4177.44	0000000001	0000000005	0000000010	0000000009	0000000011	0000000007	0000000005	0000000010	0000000006	0000000008	0000000005	0000000007	2.3938E-04	1.1969E-03	2.3938E-03	2.1544E-03	2.6332E-03	1.6757E-03	1.1969E-03	2.3938E-03	1.4363E-03	1.9150E-03	1.1969E-03	1.6757E-03	
4	20882.72	4177.26	0000000005	0000000006	0000000007	0000000003	0000000006	0000000010	0000000006	0000000005	0000000009	0000000005	0000000007	0000000003	1.1970E-03	1.4363E-03	1.6757E-03	7.1817E-04	1.4363E-03	2.3939E-03	1.4363E-03	1.1970E-03	2.1545E-03	1.1970E-03	1.6757E-03	7.1817E-04	
5	25059.51	4176.79	0000000010	0000000006	0000000007	0000000007	0000000006	0000000016	0000000013	0000000008	0000000010	0000000010	0000000007	0000000003	2.3942E-03	1.4365E-03	1.6759E-03	1.6759E-03	1.4365E-03	3.8307E-03	3.1124E-03	1.9153E-03	2.3942E-03	2.3942E-03	1.6759E-03	7.1825E-04	
6	29235.90	4176.39	0000000004	0000000008	0000000008	0000000008	0000000007	0000000006	0000000008	0000000006	0000000006	0000000006	0000000008	0000000005	9.5776E-04	1.9155E-03	1.9155E-03	1.9155E-03	1.6761E-03	1.4366E-03	1.9155E-03	1.4366E-03	1.4366E-03	1.4366E-03	1.9155E-03	1.1972E-03	
7	33412.70	4176.79	0000000008	0000000005	0000000011	0000000005	0000000007	0000000007	0000000003	0000000007	0000000008	0000000008	0000000008	0000000007	1.9153E-03	1.1971E-03	2.6336E-03	1.1971E-03	1.6759E-03	1.6759E-03	7.1825E-04	1.6759E-03	1.9153E-03	1.9153E-03	1.9153E-03	1.6759E-03	
8	37589.67	4176.98	0000000003	0000000003	0000000007	0000000012	0000000005	0000000005	0000000003	0000000004	0000000005	0000000006	0000000009	0000000007	7.1822E-04	7.1822E-04	1.6759E-03	2.8729E-03	1.1970E-03	1.1970E-03	7.1822E-04	9.5763E-04	1.1970E-03	1.4364E-03	2.1547E-03	1.6759E-03	
9	41766.55	4176.88	0000000002	0000000005	0000000004	0000000004	0000000008	0000000012	0000000002	0000000008	0000000005	0000000006	0000000007	0000000006	4.7883E-04	1.1971E-03	9.5765E-04	9.5765E-04	1.9153E-03	2.8730E-03	4.7883E-04	1.9153E-03	1.1971E-03	1.4365E-03	1.6759E-03	1.4365E-03	
10	45943.86	4177.31	0000000005	0000000008	0000000006	0000000004	0000000007	0000000005	0000000003	0000000004	0000000006	0000000008	0000000006	0000000006	1.1969E-03	1.9151E-03	1.4363E-03	9.5755E-04	1.6757E-03	1.1969E-03	7.1816E-04	9.5755E-04	1.4363E-03	1.9151E-03	1.4363E-03	1.4363E-03	
11	50121.47	4177.60	0000000005	0000000002	0000000008	0000000009	0000000011	0000000005	0000000005	0000000007	0000000007	0000000005	0000000007	0000000006	1.1969E-03	4.7874E-04	1.9150E-03	2.1543E-03	2.6331E-03	1.1969E-03	1.1969E-03	1.6756E-03	1.6756E-03	1.1969E-03	1.6756E-03	1.4362E-03	
12	54298.49	4177.02	0000000004	0000000006	0000000009	0000000005	0000000010	0000000002	0000000006	0000000007	0000000006	0000000004	0000000007	0000000005	9.5762E-04	1.4364E-03	2.1546E-03	1.1970E-03	2.3941E-03	4.7881E-04	1.4364E-03	1.6758E-03	1.4364E-03	9.5762E-04	1.6758E-03	1.1970E-03	
13	58475.68	4177.19	0000000003	0000000006	0000000009	0000000004	0000000011	0000000007	0000000004	0000000007	0000000001	0000000011	0000000008	0000000009	7.1819E-04	1.4364E-03	2.1546E-03	9.5758E-04	2.6333E-03	1.6758E-03	9.5758E-04	1.6758E-03	2.3940E-04	2.6333E-03	1.9152E-03	2.1546E-03	
14	62652.33	4176.65	0000000003	0000000005	0000000009	0000000005	0000000010	0000000007	0000000006	0000000004	0000000004	0000000009	0000000010	0000000007	7.1828E-04	1.1971E-03	2.1548E-03	1.1971E-03	2.3943E-03	1.6760E-03	1.4366E-03	9.5771E-04	9.5771E-04	2.1548E-03	2.3943E-03	1.6760E-03	
15	66829.12	4176.79	0000000005	0000000005	0000000004	0000000003	0000000011	0000000004	0000000007	0000000008	0000000002	0000000004	0000000008	0000000001	1.1971E-03	1.1971E-03	9.5767E-04	7.1825E-04	2.6336E-03	9.5767E-04	1.6759E-03	1.9153E-03	4.7884E-04	9.5767E-04	1.9153E-03	2.3942E-04	
16	71005.25	4176.13	0000000005	0000000004	0000000011	0000000002	0000000004	0000000000	0000000002	0000000006	0000000006	0000000006	0000000005	0000000002	1.1973E-03	9.5782E-04	2.6340E-03	4.7891E-04	9.5782E-04	0.0000E+00	4.7891E-04	1.4367E-03	1.4367E-03	1.4367E-03	1.1973E-03	4.7891E-04	
17	75181.25	4176.00	0000000004	0000000002	0000000007	0000000005	0000000003	0000000006	0000000006	0000000002	0000000003	0000000004	0000000005	0000000008	9.5785E-04	4.7893E-04	1.6762E-03	1.1973E-03	7.1839E-04	1.4368E-03	1.4368E-03	4.7893E-04	7.1839E-04	9.5785E-04	1.1973E-03	1.9157E-03	
18	79357.28	4176.03	0000000006	0000000004	0000000004	0000000009	0000000006	0000000006	0000000007	0000000007	0000000004	0000000005	0000000003	0000000007	1.4368E-03	9.5785E-04	9.5785E-04	2.1552E-03	1.4368E-03	1.4368E-03	1.6762E-03	1.6762E-03	9.5785E-04	1.1973E-03	7.1839E-04	1.6762E-03	
19	83533.43	4176.15	0000000006	0000000006	0000000004	0000000006	0000000005	0000000006	0000000005	0000000008	0000000003	0000000005	0000000001	0000000009	1.4367E-03	1.4367E-03	9.5782E-04	1.4367E-03	1.1973E-03	1.4367E-03	1.1973E-03	1.9156E-03	7.1836E-04	1.1973E-03	2.3945E-04	2.1551E-03	
20	87709.65	4176.22	0000000002	0000000006	0000000009	0000000002	0000000008	0000000006	0000000008	0000000002	0000000008	0000000004	0000000004	0000000005	4.7890E-04	1.4367E-03	2.1551E-03	4.7890E-04	1.9156E-03	1.4367E-03	1.9156E-03	4.7890E-04	1.9156E-03	9.5780E-04	9.5780E-04	1.1973E-03	
21	91885.83	4176.18	0000000006	0000000007	0000000002	0000000007	0000000004	0000000007	0000000006	0000000004	0000000005	0000000006	0000000002	0000000007	1.4367E-03	1.6762E-03	4.7891E-04	1.6762E-03	9.5781E-04	1.6762E-03	1.4367E-03	9.5781E-04	1.1973E-03	1.4367E-03	4.7891E-04	1.6762E-03	
22	96062.18	4176.34	0000000006	0000000002	0000000001	0000000010	0000000006	0000000009	0000000001	0000000004	0000000006	0000000006	0000000010	0000000005	1.4367E-03	4.7889E-04	2.3944E-04	2.3944E-03	1.4367E-03	2.1550E-03	2.3944E-04	9.5778E-04	1.4367E-03	1.4367E-03	2.3944E-03	1.1972E-03	
23	100238.80	4176.63	0000000002	0000000004	0000000007	0000000008	0000000007	0000000006	0000000009	0000000004	0000000004	0000000004	0000000007	0000000007	4.7886E-04	9.5771E-04	1.6760E-03	1.9154E-03	1.6760E-03	1.4366E-03	2.1548E-03	9.5771E-04	9.5771E-04	9.5771E-04	1.6760E-03	1.6760E-03	
24	104416.87	4178.07	0000000003	0000000005	0000000006	0000000007	0000000006	0000000004	0000000003	0000000008	0000000003	0000000005	0000000003	0000000004	7.1803E-04	1.1967E-03	1.4361E-03	1.6754E-03	1.4361E-03	9.5738E-04	7.1803E-04	1.9148E-03	7.1803E-04	1.1967E-03	7.1803E-04	9.5738E-04	
25	108595.03	4178.16	0000000004	0000000007	0000000006	0000000008	0000000007	0000000008	0000000005	0000000005	0000000006	0000000007	0000000007	0000000007	9.5736E-04	1.6754E-03	1.4360E-03	1.9147E-03	1.6754E-03	1.9147E-03	1.1967E-03	1.1967E-03	1.4360E-03	1.6754E-03	1.6754E-03	1.6754E-03	
26	112773.25	4178.22	0000000005	0000000003	0000000006	0000000011	0000000005	0000000004	0000000009	0000000008	0000000001	0000000005	0000000005	0000000005	1.1967E-03	7.1801E-04	1.4360E-03	2.6327E-03	1.1967E-03	9.5735E-04	2.1540E-03	1.9147E-03	2.3934E-04	1.1967E-03	1.1967E-03	1.1967E-03	
27	116951.75	4178.50	0000000003	0000000004	0000000005	0000000012	0000000007	0000000004	0000000003	0000000009	0000000005	0000000006	0000000005	0000000008	7.1796E-04	9.5728E-04	1.1966E-03	2.8718E-03	1.6752E-03	9.5728E-04	7.1796E-04	2.1539E-03	1.1966E-03	1.4359E-03	1.1966E-03	1.9146E-03	
28	121130.13	4178.38	0000000006	0000000001	0000000005	0000000002	0000000001	0000000012	0000000002	0000000004	0000000004	0000000006	0000000005	0000000006	1.4360E-03	2.3933E-04	1.1966E-03	4.7865E-04	2.3933E-04	2.8719E-03	4.7865E-04	9.5731E-04	9.5731E-04	1.4360E-03	1.1966E-03	1.4360E-03	
29	125308.22	4178.09	0000000006	0000000005	0000000004	0000000010	0000000005	0000000010	0000000008	0000000008	0000000006	0000000006	0000000002	0000000007	1.4361E-03	1.1967E-03	9.5738E-04	2.3934E-03	1.1967E-03	2.3934E-03	1.9148E-03	1.9148E-03	1.4361E-03	1.4361E-03	4.7869E-04	1.6754E-03	
30	129486.29	4178.07	0000000003	0000000004	0000000009	0000000008	0000000005	0000000009	0000000006	0000000004	0000000005	0000000009	0000000008	0000000005	7.1803E-04	9.5738E-04	2.1541E-03	1.9148E-03	1.1967E-03	2.1541E-03	1.4361E-03	9.5738E-04	1.1967E-03	2.1541E-03	1.9148E-03	1.1967E-03	
31	133664.17	4177.88	0000000008	0000000001	0000000011	0000000004	0000000010	0000000007	0000000007	0000000008	0000000006	0000000004	0000000007	0000000006	1.9148E-03	2.3936E-04	2.6329E-03	9.5742E-04	2.3936E-03	1.6755E-03	1.6755E-03	1.9148E-03	1.4361E-03	9.5742E-04	1.6755E-03	1.4361E-03	
32	137842.14	4177.97	0000000007	0000000008	0000000006	0000000008	0000000013	0000000005	0000000009	0000000006	0000000010	0000000008	0000000006	0000000007	1.6755E-03	1.9148E-03	1.4361E-03	1.9148E-03	3.1116E-03	1.1968E-03	2.1542E-03	1.4361E-03	2.3935E-03	1.9148E-03	1.4361E-03	1.6755E-03	
33	142020.34	4178.20	0000000007	0000000004	0000000007	0000000011	0000000009	0000000008	0000000010	0000000004	0000000006	0000000007	0000000008	0000000008	1.6754E-03	9.5735E-04	1.6754E-03	2.6327E-03	2.1540E-03	1.9147E-03	2.3934E-03	9.5735E-04	1.4360E-03	1.6754E-03	1.9147E-03	1.9147E-03	
34	146198.84	4178.50	0000000006	0000000009	0000000003	0000000004	0000000005	0000000004	0000000004	0000000003	0000000004	0000000008	0000000007	0000000005	1.4359E-03	2.1539E-03	7.1796E-04	9.5728E-04	1.1966E-03	9.5728E-04	9.5728E-04	7.1796E-04	9.5728E-04	1.9146E-03	1.6752E-03	1.1966E-03	
35	150377.26	4178.42	0000000005	0000000003	0000000006	0000000008	0000000008	0000000010	0000000006	0000000006	0000000005	0000000005	0000000007	0000000006	1.1966E-03	7.1798E-04	1.4360E-03	1.9146E-03	1.9146E-03	2.3933E-03	1.4360E-03	1.4360E-03	1.1966E-03	1.1966E-03	1.6753E-03	1.4360E-03	
36	154555.46	4178.20	0000000004	0000000003	0000000008	0000000008	0000000005	0000000009	0000000007	0000000003	0000000005	0000000010	0000000008	0000000004	9.5735E-04	7.1801E-04	1.9147E-03	1.9147E-03	1.1967E-03	2.1540E-03	1.6754E-03	7.1801E-04	1.1967E-03	2.3934E-03	1.9147E-03	9.5735E-04	
37	158733.49	4178.03	0000000002	0000000001	0000000009	0000000002	0000000009	0000000002	0000000002	0000000004	0000000004	0000000004	0000000006	0000000003	4.7869E-04	2.3935E-04	2.1541E-03	4.7869E-04	2.1541E-03	4.7869E-04	4.7869E-04	9.5739E-04	9.5739E-04	9.5739E-04	1.4361E-03	7.1804E-04	
38	162911.52	4178.03	0000000003	0000000005	0000000007	0000000007	0000000007	0000000011	0000000009	0000000004	0000000004	0000000006	0000000007	0000000006	7.1804E-04	1.1967E-03	1.6754E-03	1.6754E-03	1.6754E-03	2.6328E-03	2.1541E-03	9.5739E-04	9.5739E-04	1.4361E-03	1.6754E-03	1.4361E-03	
39	167089.56	4178.05	0000000003	0000000007	0000000009	0000000006	0000000006	0000000008	0000000003	0000000003	0000000006	0000000006	0000000014	0000000007	7.1804E-04	1.6754E-03	2.1541E-03	1.4361E-03	1.4361E-03	1.9148E-03	7.1804E-04	7.1804E-04	1.4361E-03	1.4361E-03	3.3508E-03	1.6754E-03	
40	171267.28	4177.72	0000000004	0000000008	0000000006	0000000006	0000000010	0000000011	0000000007	0000000004	0000000007	0000000009	0000000007	0000000007	9.5746E-04	1.9149E-03	1.4362E-03	1.4362E-03	2.3937E-03	2.6330E-03	1.6756E-03	9.5746E-04	1.6756E-03	2.1543E-03	1.6756E-03	1.6756E-03	
41	175445.13	4177.85	0000000003	0000000007	0000000009	0000000013	0000000007	0000000003	0000000003	0000000003	0000000007	0000000005	0000000010	0000000012	7.1807E-04	1.6755E-03	2.1542E-03	3.1117E-03	1.6755E-03	7.1807E-04	7.1807E-04	7.1807E-04	1.6755E-03	1.1968E-03	2.3936E-03	2.8723E-03	
42	179622.98	4177.85	0000000002	0000000004	0000000008	0000000010	0000000008	0000000010	0000000004	0000000004	0000000008	0000000008	0000000009	0000000007	4.7872E-04	9.5743E-04	1.9149E-03	2.3936E-03	1.9149E-03	2.3936E-03	9.5743E-04	9.5743E-04	1.9149E-03	1.9149E-03	2.1542E-03	1.6755E-03	
43	183801.08	4178.10	0000000006	0000000006	0000000006	0000000009	0000000004	0000000007	0000000010	0000000008	0000000003	0000000005	0000000008	0000000005	1.4361E-03	1.4361E-03	1.4361E-03	2.1541E-03	9.5737E-04	1.6754E-03	2.3934E-03	1.9147E-03	7.1803E-04	1.1967E-03	1.9147E-03	1.1967E-03	
44	187979.36	4178.27	0000000002	0000000007	0000000007	0000000005	0000000011	0000000004	0000000009	0000000008	0000000005	0000000005	0000000002	0000000007	4.7867E-04	1.6753E-03	1.6753E-03	1.1967E-03	2.6327E-03	9.5733E-04	2.1540E-03	1.9147E-03	1.1967E-03	1.1967E-03	4.7867E-04	1.6753E-03	
45	192157.73	4178.37	0000000002	0000000008	0000000006	0000000003	0000000008	0000000004	0000000008	0000000004	0000000003	0000000005	0000000004	0000000006	4.7866E-04	1.9146E-03	1.4360E-03	7.1798E-04	1.9146E-03	9.5731E-04	1.9146E-03	9.5731E-04	7.1798E-04	1.1966E-03	9.5731E-04	1.4360E-03	
46	196335.92	4178.19	0000000003	0000000004	0000000007	0000000007	0000000005	0000000008	0000000007	0000000007	0000000006	0000000005	0000000005	0000000002	7.1801E-04	9.5735E-04	1.6754E-03	1.6754E-03	1.1967E-03	1.9147E-03	1.6754E-03	1.6754E-03	1.4360E-03	1.1967E-03	1.1967E-03	4.7868E-04	
47	200514.74	4178.82	0000000003	0000000004	0000000008	0000000009	0000000011	0000000005	0000000005	0000000007	0000000004	0000000008	0000000012	0000000005	7.1791E-04	9.5721E-04	1.9144E-03	2.1537E-03	2.6323E-03	1.1965E-03	1.1965E-03	1.6751E-03	9.5721E-04	1.9144E-03	2.8716E-03	1.1965E-03	
48	204693.02	4178.28	0000000003	0000000002	0000000007	0000000006	0000000006	0000000004	0000000006	0000000004	0000000004	0000000004	0000000004	0000000006	7.1800E-04	4.7867E-04	1.6753E-03	1.4360E-03	1.4360E-03	9.5733E-04	1.4360E-03	9.5733E-04	9.5733E-04	9.5733E-04	9.5733E-04	1.4360E-03	
49	208871.18	4178.16	0000000003	0000000005	0000000006	0000000006	0000000009	0000000005	0000000004	0000000007	0000000004	0000000005	0000000007	0000000004	7.1802E-04	1.1967E-03	1.4360E-03	1.4360E-03	2.1541E-03	1.1967E-03	9.5736E-04	1.6754E-03	9.5736E-04	1.1967E-03	1.6754E-03	9.5736E-04	
50	213049.37	4178.19	0000000001	0000000003	0000000003	0000000008	0000000015	0000000007	0000000002	0000000007	0000000009	0000000008	0000000004	0000000007	2.3934E-04	7.1801E-04	7.1801E-04	1.9147E-03	3.5901E-03	1.6754E-03	4.7868E-04	1.6754E-03	2.1540E-03	1.9147E-03	9.5735E-04	1.6754E-03	
51	217227.04	4177.67	0000000004	0000000004	0000000009	0000000006	0000000008	0000000003	0000000006	0000000003	0000000007	0000000004	0000000006	0000000008	9.5747E-04	9.5747E-04	2.1543E-03	1.4362E-03	1.9149E-03	7.1810E-04	1.4362E-03	7.1810E-04	1.6756E-03	9.5747E-04	1.4362E-03	1.9149E-03	
52	221404.84	4177.80	0000000007	0000000006	0000000006	0000000003	0000000007	0000000011	0000000008	0000000003	0000000010	0000000005	0000000004	0000000008	1.6755E-03	1.4362E-03	1.4362E-03	7.1808E-04	1.6755E-03	2.6330E-03	1.9149E-03	7.1808E-04	2.3936E-03	1.1968E-03	9.5744E-04	1.9149E-03	
53	225582.69	4177.85	0000000004	0000000007	0000000004	0000000008	0000000010	0000000006	0000000005	0000000007	0000000004	0000000007	0000000004	0000000009	9.5743E-04	1.6755E-03	9.5743E-04	1.9149E-03	2.3936E-03	1.4361E-03	1.1968E-03	1.6755E-03	9.5743E-04	1.6755E-03	9.5743E-04	2.1542E-03	
54	229760.22	4177.53	0000000000	0000000003	0000000006	0000000011	0000000013	0000000011	0000000006	0000000007	0000000008	0000000004	0000000007	0000000006	0.0000E+00	7.1813E-04	1.4363E-03	2.6331E-03	3.1119E-03	2.6331E-03	1.4363E-03	1.6756E-03	1.9150E-03	9.5750E-04	1.6756E-03	1.4363E-03	
55	233937.26	4177.04	0000000003	0000000006	0000000008	0000000008	0000000005	0000000005	0000000005	0000000004	0000000004	0000000008	0000000006	0000000007	7.1821E-04	1.4364E-03	1.9152E-03	1.9152E-03	1.1970E-03	1.1970E-03	1.1970E-03	9.5762E-04	9.5762E-04	1.9152E-03	1.4364E-03	1.6758E-03	
56	238114.58	4177.32	0000000003	0000000004	0000000005	0000000008	0000000003	0000000002	0000000002	0000000003	0000000004	0000000006	0000000006	0000000003	7.1816E-04	9.5755E-04	1.1969E-03	1.9151E-03	7.1816E-04	4.7878E-04	4.7878E-04	7.1816E-04	9.5755E-04	1.4363E-03	1.4363E-03	7.1816E-04	
57	242291.95	4177.37	0000000003	0000000004	0000000005	0000000005	0000000009	0000000009	0000000004	0000000007	0000000008	0000000005	0000000003	0000000006	7.1815E-04	9.5754E-04	1.1969E-03	1.1969E-03	2.1545E-03	2.1545E-03	9.5754E-04	1.6757E-03	1.9151E-03	1.1969E-03	7.1815E-04	1.4363E-03	
58	246469.59	4177.64	0000000009	0000000005	0000000007	0000000007	0000000005	0000000006	0000000006	0000000007	0000000005	0000000012	0000000006	0000000003	2.1543E-03	1.1968E-03	1.6756E-03	1.6756E-03	1.1968E-03	1.4362E-03	1.4362E-03	1.6756E-03	1.1968E-03	2.8724E-03	1.4362E-03	7.1811E-04	
59	250647.09	4177.50	0000000004	0000000006	0000000012	0000000007	0000000004	0000000003	0000000009	0000000003	0000000005	0000000005	0000000004	0000000008	9.5751E-04	1.4363E-03	2.8725E-03	1.6756E-03	9.5751E-04	7.1813E-04	2.1544E-03	7.1813E-04	1.1969E-03	1.1969E-03	9.5751E-04	1.9150E-03	
60	254824.37	4177.28	0000000008	0000000006	0000000002	0000000004	0000000003	0000000009	0000000008	0000000006	0000000002	0000000002	0000000002	0000000010	1.9151E-03	1.4363E-03	4.7878E-04	9.5756E-04	7.1817E-04	2.1545E-03	1.9151E-03	1.4363E-03	4.7878E-04	4.7878E-04	4.7878E-04	2.3939E-03	
61	259002.18	4177.80	0000000004	0000000004	0000000007	0000000009	0000000002	0000000008	0000000008	0000000002	0000000005	0000000004	0000000007	0000000005	9.5744E-04	9.5744E-04	1.6755E-03	2.1542E-03	4.7872E-04	1.9149E-03	1.9149E-03	4.7872E-04	1.1968E-03	9.5744E-04	1.6755E-03	1.1968E-03	
62	263180.27	4178.09	0000000005	0000000003	0000000003	0000000008	0000000011	0000000008	0000000006	0000000004	0000000006	0000000008	0000000005	0000000009	1.1967E-03	7.1803E-04	7.1803E-04	1.9148E-03	2.6328E-03	1.9148E-03	1.4361E-03	9.5738E-04	1.4361E-03	1.9148E-03	1.1967E-03	2.1541E-03	
63	267358.25	4177.98	0000000004	0000000001	0000000007	0000000007	0000000006	0000000011	0000000004	0000000004	0000000005	0000000008	0000000006	0000000007	9.5740E-04	2.3935E-04	1.6755E-03	1.6755E-03	1.4361E-03	2.6329E-03	9.5740E-04	9.5740E-04	1.1968E-03	1.9148E-03	1.4361E-03	1.6755E-03	
64	271536.08	4177.83	0000000007	0000000006	0000000008	0000000005	0000000002	0000000008	0000000005	0000000006	0000000005	0000000004	0000000009	0000000006	1.6755E-03	1.4362E-03	1.9149E-03	1.1968E-03	4.7872E-04	1.9149E-03	1.1968E-03	1.4362E-03	1.1968E-03	9.5743E-04	2.1542E-03	1.4362E-03	
65	275713.73	4177.65	0000000006	0000000006	0000000005	0000000007	0000000006	0000000008	0000000004	0000000004	0000000007	0000000011	0000000005	0000000008	1.4362E-03	1.4362E-03	1.1968E-03	1.6756E-03	1.4362E-03	1.9150E-03	9.5748E-04	9.5748E-04	1.6756E-03	2.6331E-03	1.1968E-03	1.9150E-03	
66	279891.56	4177.83	0000000002	0000000001	0000000005	0000000008	0000000005	0000000007	0000000002	0000000007	0000000006	0000000005	0000000004	0000000002	4.7872E-04	2.3936E-04	1.1968E-03	1.9149E-03	1.1968E-03	1.6755E-03	4.7872E-04	1.6755E-03	1.4362E-03	1.1968E-03	9.5744E-04	4.7872E-04	
67	284069.23	4177.67	0000000003	0000000003	0000000006	0000000004	0000000009	0000000006	0000000007	0000000003	0000000004	0000000006	0000000004	0000000006	7.1810E-04	7.1810E-04	1.4362E-03	9.5747E-04	2.1543E-03	1.4362E-03	1.6756E-03	7.1810E-04	9.5747E-04	1.4362E-03	9.5747E-04	1.4362E-03	
68	288246.93	4177.70	0000000004	0000000006	0000000006	0000000010	0000000010	0000000011	0000000005	0000000009	0000000008	0000000012	0000000003	0000000007	9.5747E-04	1.4362E-03	1.4362E-03	2.3937E-03	2.3937E-03	2.6330E-03	1.1968E-03	2.1543E-03	1.9149E-03	2.8724E-03	7.1810E-04	1.6756E-03	
69	292424.93	4178.00	0000000002	0000000003	0000000005	0000000011	0000000006	0000000004	0000000003	0000000004	0000000007	0000000004	0000000005	0000000005	4.7870E-04	7.1805E-04	1.1967E-03	2.6328E-03	1.4361E-03	9.5740E-04	7.1805E-04	9.5740E-04	1.6754E-03	9.5740E-04	1.1967E-03	1.1967E-03	
70	296602.88	4177.95	0000000007	0000000005	0000000008	0000000002	0000000007	0000000005	0000000007	0000000010	0000000002	0000000005	0000000005	0000000005	1.6755E-03	1.1968E-03	1.9148E-03	4.7870E-04	1.6755E-03	1.1968E-03	1.6755E-03	2.3935E-03	4.7870E-04	1.1968E-03	1.1968E-03	1.1968E-03	
71	300780.74	4177.87	0000000003	0000000008	0000000004	0000000006	0000000003	0000000004	0000000004	0000000003	0000000007	0000000006	0000000004	0000000003	7.1807E-04	1.9149E-03	9.5743E-04	1.4361E-03	7.1807E-04	9.5743E-04	9.5743E-04	7.1807E-04	1.6755E-03	1.4361E-03	9.5743E-04	7.1807E-04	
72	304958.62	4177.88	0000000004	0000000007	0000000008	0000000010	0000000006	0000000010	0000000009	0000000004	0000000010	0000000011	0000000007	0000000002	9.5742E-04	1.6755E-03	1.9148E-03	2.3936E-03	1.4361E-03	2.3936E-03	2.1542E-03	9.5742E-04	2.3936E-03	2.6329E-03	1.6755E-03	4.7871E-04	
73	309136.45	4177.83	0000000003	0000000004	0000000003	0000000004	0000000011	0000000004	0000000004	0000000003	0000000004	0000000006	0000000005	0000000007	7.1808E-04	9.5744E-04	7.1808E-04	9.5744E-04	2.6329E-03	9.5744E-04	9.5744E-04	7.1808E-04	9.5744E-04	1.4362E-03	1.1968E-03	1.6755E-03	
74	313314.36	4177.91	0000000003	0000000005	0000000004	0000000014	0000000002	0000000007	0000000006	0000000005	0000000005	0000000003	0000000006	0000000008	7.1806E-04	1.1968E-03	9.5742E-04	3.3510E-03	4.7871E-04	1.6755E-03	1.4361E-03	1.1968E-03	1.1968E-03	7.1806E-04	1.4361E-03	1.9148E-03	
75	317492.32	4177.96	0000000009	0000000002	0000000003	0000000005	0000000010	0000000005	0000000004	0000000005	0000000005	0000000011	0000000003	0000000003	2.1542E-03	4.7870E-04	7.1805E-04	1.1968E-03	2.3935E-03	1.1968E-03	9.5740E-04	1.1968E-03	1.1968E-03	2.6329E-03	7.1805E-04	7.1805E-04	
76	321670.15	4177.83	0000000001	0000000010	0000000004	0000000004	0000000005	0000000002	0000000004	0000000005	0000000002	0000000003	0000000005	0000000005	2.3936E-04	2.3936E-03	9.5744E-04	9.5744E-04	1.1968E-03	4.7872E-04	9.5744E-04	1.1968E-03	4.7872E-04	7.1808E-04	1.1968E-03	1.1968E-03	
77	325847.88	4177.73	0000000002	0000000007	0000000007	0000000006	0000000006	0000000011	0000000006	0000000007	0000000003	0000000007	0000000007	0000000005	4.7873E-04	1.6756E-03	1.6756E-03	1.4362E-03	1.4362E-03	2.6330E-03	1.4362E-03	1.6756E-03	7.1809E-04	1.6756E-03	1.6756E-03	1.1968E-03	
78	330025.46	4177.58	0000000000	0000000007	0000000004	0000000006	0000000002	0000000007	0000000001	0000000005	0000000004	0000000005	0000000004	0000000004	0.0000E+00	1.6756E-03	9.5749E-04	1.4362E-03	4.7875E-04	1.6756E-03	2.3937E-04	1.1969E-03	9.5749E-04	1.1969E-03	9.5749E-04	9.5749E-04	
79	334203.12	4177.66	0000000005	0000000007	0000000005	0000000009	0000000003	0000000004	0000000006	0000000008	0000000004	0000000005	0000000005	0000000003	1.1968E-03	1.6756E-03	1.1968E-03	2.1543E-03	7.1811E-04	9.5747E-04	1.4362E-03	1.9149E-03	9.5747E-04	1.1968E-03	1.1968E-03	7.1811E-04	
80	338380.93	4177.82	0000000005	0000000001	0000000001	0000000011	0000000004	0000000009	0000000005	0000000007	0000000008	0000000004	0000000003	0000000004	1.1968E-03	2.3936E-04	2.3936E-04	2.6330E-03	9.5744E-04	2.1542E-03	1.1968E-03	1.6755E-03	1.9149E-03	9.5744E-04	7.1808E-04	9.5744E-04	
81	342241.76	3860.82	0000000006	0000000001	0000000010	0000000006	0000000009	0000000002	0000000006	0000000004	0000000005	0000000010	0000000004	0000000005	1.5541E-03	2.5901E-04	2.5901E-03	1.5541E-03	2.3311E-03	5.1802E-04	1.5541E-03	1.0360E-03	1.2951E-03	2.5901E-03	1.0360E-03	1.2951E-03	
